codigo_ibge	valor
3106200	251
3154606	238
3147105	2073
3147907	2146
3148004	2262
3148103	2333
3149309	2442
3151206	2549
3151800	2650
3152105	2728
3152501	2839
3156700	2954
3157807	3031
3159605	3124
3162500	3258
3164704	3369
3167202	3464
3168606	3584
3169307	3711
3169901	3851
3170107	3972
3170206	4071
3170404	4213
3170701	4329
3171303	4466
3101607	259
3101706	281
3103405	246
3103504	258
3104007	284
3105608	299
3106705	331
3107406	360
3113404	343
3115300	416
3115508	388
3118007	425
3118304	445
3118601	517
3119401	527
3120904	545
3121605	605
3122306	650
3126109	683
3127107	717
3127701	734
3128006	810
3128709	874
3131703	891
3132404	956
3133808	1002
3134202	1044
3134400	1118
3135209	1214
3136207	1273
3136702	1293
3138203	1381
3139409	1442
3142908	1530
3143302	1613
3143906	1661
3144300	1744
3144805	1838
3146107	1896
3147006	1990
